0.011638327116298437
0.01486799319630653
0.07458634965958882
0.03790713116726145
0.07072008706634547
0.01569983928703073
0.0349406291222741
0.05342682434936552
0.04289479223252998
0.045227699394613456
0.020375490467448524
0.023206842388623854
0.022541968159221982
0.028855954476720347
0.018332429050773303
0.00562799088544175
0.021221400440667063
0.01841297224044737
0.0284328399975519
0.013002616933518875
0.07263825320869403
0.044172929630371546
0.012458440766607647
0.018873317491664453
0.05366153227911642
0.041733116824198974
0.022683484983914662
0.01865961315207829
0.01226934122381365
0.020935064911070823
0.03183728212484039
0.020935064911070823
0.03183728212484039
0.00765886932627425
0.03496024868314531
0.018789240334295614
0.06784908786225659
0.005673231735618173
0.005709109274993434
0.03530239223250301
0.04396739425701735
0.03619315000274066
0.02954781970989523
0.03978862335423452
0.027888387130595577
0.019921952107391776
0.01325278238435725
0.01325278238435725
0.00269742765873328
0.018230876723360163
0.015875623335627934
0.01896761213972182
0.012308727203417011
0.005283981919989958
0.02440275970312681
0.06659517897513277
0.002917260416777054
0.008376295218243492
0.010502067696373386
0.06287741401864234
0.028367764536191303
0.05012290423235522
0.02711835074759567
0.00987549299564858
0.018629255114884252
0.047298101285636024
0.04492021436586336
0.04650492227939312
0.04520073015697353
0.10081094312625132
0.03634829239892499
0.06320449479394691
0.03634829239892499
0.021801929343272426
0.04196005032691774
0.0354942032659718
0.037727512154489475
0.04045792266836915
0.018182452150201842
0.06783586000526912
0.08692047061643757
0.019614068834520066
0.06012310663300198
0.022230609508750852
0.026316971390177663
0.06026504628216217
0.08647731632847663
0.0038330543745523408
0.039759724299260814
0.02443740589763327
0.03992114967080711
0.05529219660845929
0.012692624539918873
0.014759364396448413
0.012692624539918873
0.03954862906705186
0.044526020211832426
0.027950695813560716
2.3695444317228605E-4
0.05341243986236659
0.05182013293994462
0.050869301434285745
0.03007619483645122
0.003186289790709965
0.006093119839472622
0.0137574367314015
0.021997154148282617
0.004306306077174718
0.07352945052222627
0.046644931192877506
0.04145160797318892
0.0040416495606122056
0.03623829902863824
0.020879902204395954
0.037343537164148566
0.010111141946776227
0.016067635884162507
0.01416285901204329
0.05813455788154455
0.060733021692708264
0.0033418481937755877
0.028495459150091475
0.03834203594364271
0.033288933582805484
0.02867821310815189
0.02867821310815189
0.05995330569749807
0.04852127500325076
0.04852127500325076
0.010131290785578376
0.009485322646564513
0.02522091860690492
0.009485322646564513
0.044157708035972326
0.0429877341053452
0.04230256299590237
0.020390921595809255
0.0570007537791335
0.0035007303643466263
0.09198210706030335
0.05254245476664174
0.002666711688318339
0.0018390269411437039
0.046899339728197376
0.0016125056372855715
0.0034993490872207993
0.03146175024068824
0.005052791111753319
0.0027434219405267843
0.009773822863526502
0.05290047188536476
0.04802994928280315
0.012886868733407166
0.062483315100286485
0.005342713388171925
0.004877296111805668
0.005914961256163198
0.004701536017346716
0.00795171232982388
0.0947092955670235
0.0511322129640052
0.028093859429069
0.044524646631001835
0.030988856456886593
0.044524646631001835
0.005520529472839892
0.0038013294653158982
0.001492462495137507
0.00425553579995017
0.0027722265822903115
0.014016029046462278
0.004984282126697753
0.0035502158292830253
0.0029304487300406685
0.006113871982028848
0.010437194504156594
0.026973538388373727
0.04820137812336204
0.09472815371524605
0.06170414348254457
0.06170414348254457
0.003455714088629608
0.0063062580654164755
0.056224916337854224
0.06949481974513105
0.01642740091958773
0.006544881551542944
0.001557780969396272
0.011143473516521283
0.002714417406220474
0.009435830899813017
0.04397374037192216
0.0034692365906439904
0.004324118503028784
0.005830168946815961
0.003011418420912587
0.0035590065476291343
0.005024685256611145
0.0053418388178097295
4.844588626577369E-4
0.009960907896735352
0.0071122028985803245
0.0012665133215372217
0.010455481590628472
0.003932584385069428
0.0019273981608508774
0.004136978259384337
0.0033359494699551546
0.003223067211700079
0.005759508289786674
0.0017070080700794835
0.006978139736237528
0.0249182701847203
0.002983839694493453
0.01451398458167906
0.003050258675053426
0.020685164448563047
0.007086794443555773
0.04507664312676624
0.010428661395917157
0.004567414449504501
0.05905685536076611
0.0428418176135197
0.0428418176135197
0.03992397114896546
0.06259070441588815
0.0035654008264472455
0.01838797507820452
0.047587716967887
0.0245650056053768
0.014478034549243875
0.005659831242796878
0.00248699907530645
0.09429504812758042
0.028978315369453573
0.028978315369453573
0.017906074999995258
0.01536583558336273
0.0021833591502095177
0.0013272499220987302
0.0013272499220987302
0.024426683445219807
0.043957791664421896
0.013428337289846805
0.043957791664421896
0.023673025573856903
0.004304439580450992
0.002440023333266989
0.0025270830662199955
0.0025565556012474714
0.007665142583582995
0.010123130850667385
0.0021461117675620226
0.002441354718488284
0.003864062022241927
0.0022261335765564995
0.009776070816924436
0.0022378739996546156
0.006173334598377476
0.0023149173633286797
0.011237319810918677
0.012190779862352643
0.041695237925450455
0.06156407349809494
0.006873378313140245
0.01719825440601547
0.03660764437451428
0.014706791033395849
0.002376436032992506
0.0180293009895458
0.00953139384589013
0.004314433243770835
0.001017154593288239
0.0033665846859852375
0.0021296192485773485
0.004552383265186507
0.004229047463278182
0.005784021894614341
0.10348305298798426
0.025079565949479462
0.025079565949479462
0.004862861789806364
0.0029253069872227674
0.04653864316165617
0.02547944824883475
0.0695907469987603
0.019512794827962844
0.00256001131544576
0.0014647178178831628
0.017953132556566796
0.004565497246240123
0.018806801078341963
0.0033694416750338248
0.002114843803843469
0.008234155607695259
0.04068173498623808
0.016554734051772668
0.00778397288504234
0.002765890596148771
0.0044671851166723465
0.0017274396272187326
0.01874595754904916
0.027245078854043463
0.01874387929282025
0.0030403681733265206
0.023435031811248258
0.009529488692639167
0.002932185895707153
0.0047648782400627485
0.0028495418951569396
0.003153804695572345
0.025554197107012847
0.04050936827958001
0.004554336800658377
0.001492448371875573
0.0022658712902946356
0.0029285229766724645
0.05130973678156059
0.002410482556486394
0.001933236506261305
0.057708525415092075
0.044797860885747415
0.025591190364468844
0.008029968891962325
0.006045975223426272
0.00296871076491538
0.0042927882603924815
0.002234611908516979
0.0054726916725757625
0.0037222475739998972
0.014774746678562652
0.012494852688214316
0.011858180015125468
0.010725598610745658
0.07404435835125905
0.06078951480120399
0.037460976441946195
0.024622135555222337
0.053757255843290934
0.0258027075710623
0.053041467972857276
0.0698582992387945
0.07587562485929289
0.05196138398491308
0.08055674123987762
0.060876366076969037
0.08214050024898731
0.06278337566039086